add 3 1 1 0.048
add 3 1 3 0.003
add 3 1 10 0.007
add 3 1 30 0.004
add 3 1 100 0.005
add 3 1 300 0.002
add 3 1 1000 0.002
add 3 1 3000 0.002
add 3 3 1 0.002
add 3 3 3 0.004
add 3 3 10 0.002
add 3 3 30 0.002
add 3 3 100 0.004
add 3 3 300 0.004
add 3 3 1000 0.018
add 3 3 3000 0.008
add 3 10 1 0.002
add 3 10 3 0.002
add 3 10 10 0.001
add 3 10 30 0.001
add 3 10 100 0.002
add 3 10 300 0.005
add 3 10 1000 0.002
add 3 10 3000 0.003
add 3 30 1 0.001
add 3 30 3 0.002
add 3 30 10 0.003
add 3 30 30 0.002
add 3 30 100 0.001
add 3 30 300 0.002
add 3 30 1000 0.01
add 3 30 3000 0.002
add 3 100 1 0.002
add 3 100 3 0.001
add 3 100 10 0.002
add 3 100 30 0.017
add 3 100 100 0.011
add 3 100 300 0.003
add 3 100 1000 0.003
add 3 100 3000 0.001
add 3 300 1 0.002
add 3 300 3 0.005
add 3 300 10 0.001
add 3 300 30 0.001
add 3 300 100 0.001
add 3 300 300 0.001
add 3 300 1000 0.002
add 3 300 3000 0.001
add 3 1000 1 0.0
add 3 1000 3 0.002
add 3 1000 10 0.0
add 3 1000 30 0.003
add 3 1000 100 0.001
add 3 1000 300 0.002
add 3 1000 1000 0.002
add 3 1000 3000 0.003
add 3 3000 1 0.001
add 3 3000 3 0.001
add 3 3000 10 0.002
add 3 3000 30 0.001
add 3 3000 100 0.001
add 3 3000 300 0.001
add 3 3000 1000 0.001
add 3 3000 3000 0.005
add 100 1 1 0.077
add 100 1 3 0.025
add 100 1 10 0.027
add 100 1 30 0.029
add 100 1 100 0.025
add 100 1 300 0.038
add 100 1 1000 0.023
add 100 1 3000 0.041
add 100 3 1 0.026
add 100 3 3 0.026
add 100 3 10 0.013
add 100 3 30 0.015
add 100 3 100 0.014
add 100 3 300 0.011
add 100 3 1000 0.012
add 100 3 3000 0.014
add 100 10 1 0.013
add 100 10 3 0.01
add 100 10 10 0.015
add 100 10 30 0.014
add 100 10 100 0.014
add 100 10 300 0.016
add 100 10 1000 0.024
add 100 10 3000 0.022
add 100 30 1 0.017
add 100 30 3 0.014
add 100 30 10 0.014
add 100 30 30 0.015
add 100 30 100 0.018
add 100 30 300 0.014
add 100 30 1000 0.025
add 100 30 3000 0.02
add 100 100 1 0.018
add 100 100 3 0.029
add 100 100 10 0.013
add 100 100 30 0.045
add 100 100 100 0.058
add 100 100 300 0.031
add 100 100 1000 0.048
add 100 100 3000 0.019
add 100 300 1 0.042
add 100 300 3 0.023
add 100 300 10 0.03
add 100 300 30 0.03
add 100 300 100 0.089
add 100 300 300 0.073
add 100 300 1000 0.023
add 100 300 3000 0.028
add 100 1000 1 0.087
add 100 1000 3 0.018
add 100 1000 10 0.023
add 100 1000 30 0.022
add 100 1000 100 0.037
add 100 1000 300 0.04
add 100 1000 1000 0.028
add 100 1000 3000 0.026
add 100 3000 1 0.022
add 100 3000 3 0.035
add 100 3000 10 0.016
add 100 3000 30 0.021
add 100 3000 100 0.023
add 100 3000 300 0.028
add 100 3000 1000 0.033
add 100 3000 3000 0.066
add 1000 1 1 1.148
add 1000 1 3 0.832
add 1000 1 10 0.751
add 1000 1 30 0.751
add 1000 1 100 0.742
add 1000 1 300 0.743
add 1000 1 1000 0.741
add 1000 1 3000 0.768
add 1000 3 1 0.775
add 1000 3 3 0.813
add 1000 3 10 0.787
add 1000 3 30 0.742
add 1000 3 100 0.743
add 1000 3 300 0.738
add 1000 3 1000 0.784
add 1000 3 3000 0.738
add 1000 10 1 0.736
add 1000 10 3 0.819
add 1000 10 10 0.733
add 1000 10 30 0.738
add 1000 10 100 0.73
add 1000 10 300 0.722
add 1000 10 1000 0.763
add 1000 10 3000 0.767
add 1000 30 1 0.76
add 1000 30 3 0.731
add 1000 30 10 0.719
add 1000 30 30 0.733
add 1000 30 100 0.744
add 1000 30 300 0.73
add 1000 30 1000 0.763
add 1000 30 3000 0.755
add 1000 100 1 0.76
add 1000 100 3 0.728
add 1000 100 10 0.795
add 1000 100 30 0.808
add 1000 100 100 0.753
add 1000 100 300 0.828
add 1000 100 1000 1.026
add 1000 100 3000 1.053
add 1000 300 1 0.841
add 1000 300 3 0.725
add 1000 300 10 0.84
add 1000 300 30 0.787
add 1000 300 100 0.737
add 1000 300 300 0.79
add 1000 300 1000 0.754
add 1000 300 3000 0.801
add 1000 1000 1 0.748
add 1000 1000 3 0.782
add 1000 1000 10 0.729
add 1000 1000 30 0.714
add 1000 1000 100 0.74
add 1000 1000 300 0.785
add 1000 1000 1000 0.769
add 1000 1000 3000 0.832
add 1000 3000 1 0.818
add 1000 3000 3 0.761
add 1000 3000 10 0.767
add 1000 3000 30 0.812
add 1000 3000 100 0.758
add 1000 3000 300 0.773
add 1000 3000 1000 0.806
add 1000 3000 3000 0.823
add 2000 1 1 2.99
add 2000 1 3 2.988
add 2000 1 10 2.955
add 2000 1 30 3.139
add 2000 1 100 3.155
add 2000 1 300 3.234
add 2000 1 1000 3.041
add 2000 1 3000 3.243
add 2000 3 1 3.352
add 2000 3 3 3.567
add 2000 3 10 3.211
add 2000 3 30 3.24
add 2000 3 100 3.101
add 2000 3 300 3.154
add 2000 3 1000 3.134
add 2000 3 3000 3.274
add 2000 10 1 3.068
add 2000 10 3 2.984
add 2000 10 10 3.024
add 2000 10 30 3.027
add 2000 10 100 2.975
add 2000 10 300 2.931
add 2000 10 1000 3.09
add 2000 10 3000 3.144
add 2000 30 1 3.131
add 2000 30 3 3.12
add 2000 30 10 3.193
add 2000 30 30 3.124
add 2000 30 100 3.044
add 2000 30 300 3.029
add 2000 30 1000 2.967
add 2000 30 3000 3.054
add 2000 100 1 3.031
add 2000 100 3 2.871
add 2000 100 10 2.84
add 2000 100 30 2.971
add 2000 100 100 3.065
add 2000 100 300 3.005
add 2000 100 1000 3.107
add 2000 100 3000 3.422
add 2000 300 1 3.045
add 2000 300 3 2.993
add 2000 300 10 3.022
add 2000 300 30 3.12
add 2000 300 100 3.144
add 2000 300 300 3.057
add 2000 300 1000 3.077
add 2000 300 3000 3.414
add 2000 1000 1 3.81
add 2000 1000 3 3.005
add 2000 1000 10 3.127
add 2000 1000 30 3.126
add 2000 1000 100 3.003
add 2000 1000 300 3.094
add 2000 1000 1000 3.191
add 2000 1000 3000 3.528
add 2000 3000 1 3.246
add 2000 3000 3 3.074
add 2000 3000 10 3.097
add 2000 3000 30 3.002
add 2000 3000 100 3.251
add 2000 3000 300 3.112
add 2000 3000 1000 3.475
add 2000 3000 3000 3.63
mult 3 1 1 0.003
mult 3 1 3 0.001
mult 3 1 10 0.001
mult 3 1 30 0.0
mult 3 1 100 0.001
mult 3 1 300 0.002
mult 3 1 1000 0.001
mult 3 1 3000 0.001
mult 3 3 1 0.002
mult 3 3 3 0.001
mult 3 3 10 0.001
mult 3 3 30 0.001
mult 3 3 100 0.0
mult 3 3 300 0.003
mult 3 3 1000 0.001
mult 3 3 3000 0.002
mult 3 10 1 0.001
mult 3 10 3 0.001
mult 3 10 10 0.001
mult 3 10 30 0.001
mult 3 10 100 0.0
mult 3 10 300 0.001
mult 3 10 1000 0.001
mult 3 10 3000 0.001
mult 3 30 1 0.001
mult 3 30 3 0.0
mult 3 30 10 0.001
mult 3 30 30 0.001
mult 3 30 100 0.003
mult 3 30 300 0.007
mult 3 30 1000 0.001
mult 3 30 3000 0.001
mult 3 100 1 0.001
mult 3 100 3 0.001
mult 3 100 10 0.001
mult 3 100 30 0.0
mult 3 100 100 0.001
mult 3 100 300 0.001
mult 3 100 1000 0.0
mult 3 100 3000 0.001
mult 3 300 1 0.0
mult 3 300 3 0.001
mult 3 300 10 0.0
mult 3 300 30 0.001
mult 3 300 100 0.0
mult 3 300 300 0.001
mult 3 300 1000 0.001
mult 3 300 3000 0.0
mult 3 1000 1 0.001
mult 3 1000 3 0.0
mult 3 1000 10 0.001
mult 3 1000 30 0.001
mult 3 1000 100 0.002
mult 3 1000 300 0.0
mult 3 1000 1000 0.001
mult 3 1000 3000 0.001
mult 3 3000 1 0.0
mult 3 3000 3 0.001
mult 3 3000 10 0.001
mult 3 3000 30 0.0
mult 3 3000 100 0.001
mult 3 3000 300 0.0
mult 3 3000 1000 0.605
mult 3 3000 3000 0.002
mult 200 1 1 0.058
mult 200 1 3 0.034
mult 200 1 10 0.034
mult 200 1 30 0.037
mult 200 1 100 0.037
mult 200 1 300 0.033
mult 200 1 1000 0.039
mult 200 1 3000 0.045
mult 200 3 1 0.031
mult 200 3 3 0.034
mult 200 3 10 0.029
mult 200 3 30 0.029
mult 200 3 100 0.03
mult 200 3 300 0.032
mult 200 3 1000 0.032
mult 200 3 3000 0.526
mult 200 10 1 0.035
mult 200 10 3 0.033
mult 200 10 10 0.03
mult 200 10 30 0.03
mult 200 10 100 0.033
mult 200 10 300 0.034
mult 200 10 1000 0.035
mult 200 10 3000 0.031
mult 200 30 1 0.032
mult 200 30 3 0.031
mult 200 30 10 0.031
mult 200 30 30 0.031
mult 200 30 100 0.03
mult 200 30 300 0.03
mult 200 30 1000 0.648
mult 200 30 3000 0.035
mult 200 100 1 0.034
mult 200 100 3 0.03
mult 200 100 10 0.031
mult 200 100 30 0.03
mult 200 100 100 0.03
mult 200 100 300 0.037
mult 200 100 1000 0.036
mult 200 100 3000 0.036
mult 200 300 1 0.036
mult 200 300 3 0.03
mult 200 300 10 0.031
mult 200 300 30 0.036
mult 200 300 100 0.038
mult 200 300 300 0.042
mult 200 300 1000 0.591
mult 200 300 3000 0.039
mult 200 1000 1 0.033
mult 200 1000 3 0.036
mult 200 1000 10 0.031
mult 200 1000 30 0.034
mult 200 1000 100 0.034
mult 200 1000 300 0.04
mult 200 1000 1000 0.039
mult 200 1000 3000 0.039
mult 200 3000 1 0.037
mult 200 3000 3 0.032
mult 200 3000 10 0.031
mult 200 3000 30 0.033
mult 200 3000 100 0.035
mult 200 3000 300 0.038
mult 200 3000 1000 0.562
mult 200 3000 3000 0.049
mult 500 1 1 0.269
mult 500 1 3 0.262
mult 500 1 10 0.262
mult 500 1 30 0.254
mult 500 1 100 0.262
mult 500 1 300 0.276
mult 500 1 1000 0.265
mult 500 1 3000 0.35
mult 500 3 1 0.269
mult 500 3 3 0.233
mult 500 3 10 0.227
mult 500 3 30 0.233
mult 500 3 100 0.237
mult 500 3 300 0.237
mult 500 3 1000 0.229
mult 500 3 3000 0.501
mult 500 10 1 0.259
mult 500 10 3 0.23
mult 500 10 10 0.231
mult 500 10 30 0.218
mult 500 10 100 0.232
mult 500 10 300 0.236
mult 500 10 1000 0.227
mult 500 10 3000 0.59
mult 500 30 1 0.274
mult 500 30 3 0.227
mult 500 30 10 0.243
mult 500 30 30 0.229
mult 500 30 100 0.243
mult 500 30 300 0.22
mult 500 30 1000 0.242
mult 500 30 3000 0.62
mult 500 100 1 0.262
mult 500 100 3 0.225
mult 500 100 10 0.224
mult 500 100 30 0.212
mult 500 100 100 0.228
mult 500 100 300 0.219
mult 500 100 1000 0.226
mult 500 100 3000 0.506
mult 500 300 1 0.268
mult 500 300 3 0.224
mult 500 300 10 0.222
mult 500 300 30 0.21
mult 500 300 100 0.212
mult 500 300 300 0.232
mult 500 300 1000 0.234
mult 500 300 3000 0.492
mult 500 1000 1 0.263
mult 500 1000 3 0.211
mult 500 1000 10 0.235
mult 500 1000 30 0.252
mult 500 1000 100 0.267
mult 500 1000 300 0.399
mult 500 1000 1000 0.256
mult 500 1000 3000 0.275
mult 500 3000 1 0.331
mult 500 3000 3 0.233
mult 500 3000 10 0.234
mult 500 3000 30 0.252
mult 500 3000 100 0.248
mult 500 3000 300 0.239
mult 500 3000 1000 0.296
mult 500 3000 3000 0.264
mult 1000 1 1 1.499
mult 1000 1 3 1.401
mult 1000 1 10 1.424
mult 1000 1 30 1.486
mult 1000 1 100 1.439
mult 1000 1 300 1.418
mult 1000 1 1000 1.43
mult 1000 1 3000 1.429
mult 1000 3 1 1.42
mult 1000 3 3 1.053
mult 1000 3 10 1.066
mult 1000 3 30 1.04
mult 1000 3 100 1.025
mult 1000 3 300 1.077
mult 1000 3 1000 1.04
mult 1000 3 3000 1.067
mult 1000 10 1 1.496
mult 1000 10 3 1.168
mult 1000 10 10 1.075
mult 1000 10 30 1.115
mult 1000 10 100 1.12
mult 1000 10 300 1.11
mult 1000 10 1000 1.129
mult 1000 10 3000 1.156
mult 1000 30 1 1.59
mult 1000 30 3 1.07
mult 1000 30 10 1.134
mult 1000 30 30 1.127
mult 1000 30 100 1.156
mult 1000 30 300 1.085
mult 1000 30 1000 1.12
mult 1000 30 3000 1.13
mult 1000 100 1 1.542
mult 1000 100 3 1.137
mult 1000 100 10 1.084
mult 1000 100 30 1.092
mult 1000 100 100 1.1
mult 1000 100 300 1.144
mult 1000 100 1000 1.135
mult 1000 100 3000 1.122
mult 1000 300 1 1.526
mult 1000 300 3 1.104
mult 1000 300 10 1.124
mult 1000 300 30 1.129
mult 1000 300 100 1.149
mult 1000 300 300 1.147
mult 1000 300 1000 1.175
mult 1000 300 3000 1.131
mult 1000 1000 1 1.554
mult 1000 1000 3 1.079
mult 1000 1000 10 1.183
mult 1000 1000 30 1.212
mult 1000 1000 100 1.23
mult 1000 1000 300 1.281
mult 1000 1000 1000 1.435
mult 1000 1000 3000 1.319
mult 1000 3000 1 1.54
mult 1000 3000 3 1.254
mult 1000 3000 10 1.31
mult 1000 3000 30 1.098
mult 1000 3000 100 1.069
mult 1000 3000 300 1.136
mult 1000 3000 1000 1.101
mult 1000 3000 3000 1.132
mult 2000 1 1 8.633
mult 2000 1 3 8.428
mult 2000 1 10 9.735
mult 2000 1 30 9.023
mult 2000 1 100 8.504
mult 2000 1 300 8.91
mult 2000 1 1000 8.702
mult 2000 1 3000 9.008
mult 2000 3 1 9.184
mult 2000 3 3 7.083
mult 2000 3 10 7.022
mult 2000 3 30 5.881
mult 2000 3 100 5.797
mult 2000 3 300 6.836
mult 2000 3 1000 6.155
mult 2000 3 3000 6.218
mult 2000 10 1 8.897
mult 2000 10 3 5.797
mult 2000 10 10 5.94
mult 2000 10 30 6.482
mult 2000 10 100 5.773
mult 2000 10 300 5.961
mult 2000 10 1000 6.134
mult 2000 10 3000 6.774
mult 2000 30 1 8.898
mult 2000 30 3 6.621
mult 2000 30 10 6.681
mult 2000 30 30 6.477
mult 2000 30 100 6.03
mult 2000 30 300 5.777
mult 2000 30 1000 5.956
mult 2000 30 3000 6.144
mult 2000 100 1 8.676
mult 2000 100 3 5.464
mult 2000 100 10 5.508
mult 2000 100 30 5.392
mult 2000 100 100 5.536
mult 2000 100 300 5.429
mult 2000 100 1000 5.419
mult 2000 100 3000 5.477
mult 2000 300 1 8.568
mult 2000 300 3 5.517
mult 2000 300 10 5.652
mult 2000 300 30 5.66
mult 2000 300 100 5.66
mult 2000 300 300 5.654
mult 2000 300 1000 5.572
mult 2000 300 3000 5.875
mult 2000 1000 1 8.723
mult 2000 1000 3 5.76
mult 2000 1000 10 5.531
mult 2000 1000 30 5.484
mult 2000 1000 100 5.553
mult 2000 1000 300 5.585
mult 2000 1000 1000 5.582
mult 2000 1000 3000 5.617
mult 2000 3000 1 8.72
mult 2000 3000 3 5.638
mult 2000 3000 10 5.597
mult 2000 3000 30 5.561
mult 2000 3000 100 5.471
mult 2000 3000 300 5.414
mult 2000 3000 1000 5.543
mult 2000 3000 3000 6.1
