       1       1      70   156.2    3.66    2.04  0.0291
       1       2      70   153.9    3.65    1.23  0.0176
       1       3      70   137.8    3.51    1.25  0.0179
       1       4      70   141.0    3.53    1.66  0.0237
       1       5      70   145.8    3.58    1.74  0.0249
       1       6      70   147.8    3.60    1.88  0.0269
       1       7      70   174.9    3.81    2.26  0.0323
       2       1     103    91.3    3.07    1.16  0.0113
       2       2     103   115.5    3.05    1.26  0.0122
       2       3     103    99.5    3.15    0.41  0.0040
       2       4     103   101.2    3.17    2.39  0.0232
       2       5     103   106.8    3.23    2.01  0.0195
       2       6     103    88.1    3.03    1.98  0.0192
       2       7     103   100.2    3.16    2.26  0.0219
       3       1      54    66.5    2.66    2.29  0.0424
       3       2      54    67.6    2.68    1.02  0.0189
       3       3      54    64.8    2.64    0.27  0.0050
       3       4      54    59.3    2.57    2.63  0.0487
       3       5      54    70.1    2.71    2.58  0.0478
       3       6      54    68.1    2.69    2.11  0.0391
       3       7      54    64.0    2.63    2.73  0.0506
       4       1     138    68.7    2.74    1.46  0.0106
       4       2     138    66.7    2.71    0.53  0.0038
       4       3     138    72.4    2.78    0.05  0.0004
       4       4     138    68.6    2.74    1.69  0.0122
       4       5     138    68.0    2.73    1.60  0.0116
       4       6     138    62.2    2.65    2.15  0.0156
       4       7     138    73.1    2.79    1.67  0.0121
       5       1      89    62.7    2.46    1.33  0.0149
       5       2      89    60.6    2.44    0.59  0.0066
       5       3      89    67.8    2.53    0.60  0.0067
       5       4      89    64.4    2.44    1.95  0.0219
       5       5      89    54.5    2.35    1.76  0.0198
       5       6      89    57.4    2.40    1.25  0.0140
       5       7      89    60.9    2.44    2.05  0.0230